13
42
43
54
60
64
75
89
111
113
138
149
154
160
165
182
190
197
207
208
210
214
217
241
244
247
251
258
264
265
266
274
278
281
283
284
289
295
296
300
301
305
314
317
319
323
329
346
347
379
380
388
390
398
403
408
410
415
417
426
428
443
444
447
450
458
462
464
466
469
484
495
497
498
499
500
502
506
514
523
525
526
531
533
536
537
538
539
545
565
614
617
618
626
631
632
634
641
642
643
645
646
647
651
652
666
672
675
676
682
684
685
706
708
712
714
717
721
734
738
752
753
754
763
766
769
770
787
789
791
800
803
813
827
838
849
852
853
854
866
871
873
910
916
947
958
989
990
991
992
993
994
995
1002
1007
1016
1017
1028
1038
1048
1050
1051
1067
1068
1080
1090
1095
1098
1106
1112
1117
1118
1119
1120
1121
1128
1129
1137
1142
1144
1152
1153
1172
1194
1219
1220
1222
1231
1232
1255
1260
1261
1268
1271
1282
1286
1295
1296
1303
1306
1323
1324
1325
1347
1355
1359
1367
1374
1390
1406
1415
1416
1425
1427
1440
1442
1449
1450
1452
1466
1467
1481
1487
1489
1493
1494
1496
1506
1523
1524
1525
1536
1546
1555
1563
1564
1567
1588
1592
1594
1602
1614
1628
1638
1656
1662
1668
1674
1676
1678
1685
1686
1691
1698
1699
1703
1716
1723
1727
1730
1736
1745
1754
1757
1774
1779
1790
1798
1809
1818
1831
1842
1844
1863
1871
1893
1897
1913
1920
1934
1937
1953
1961
1968
1971
1975
1976
1987
1990
1991
2002
2005
2015
2031
2048
2052
2064
2073
2081
2093
2103
2153
2168
2169
2185
2186
2187
2190
2193
2198
2199
2207
2221
2222
2223
2224
2250
2266
2282
2283
2286
2288
2289
2310
2312
2316
2319
2326
2328
2334
2335
2337
2339
2344
2347
2353
2354
2356
2358
2361
2362
2363
2367
2368
2369
2370
2371
2374
2376
2379
2381
2382
2383
2387
2389
2390
2394
2396
2401
2403
2407
2408
2410
2413
2415
2419
2423
2424
2429
2430
2435
2436
2437
2440
2446
2447
2448
2450
2451
2455
2458
2461
2463
2467
2468
2470
2474
2477
2482
2483
2486
2490
2493
2496
2500
2507
2515
2518
2519
2524
2535
2536
2540
2542
2544
2545
2547
2548
2549
2554
2556
2561
2565
2569
2575
2576
2578
2588
2590
2592
2601
2603
2604
2611
2612
2616
2622
2625
2628
2630
2633
2634
2636
2638
2639
2643
2645
2650
2659
2665
2666
2671
2673
2679
2681
2682
2683
2688
2689
2693
2699
2702
2706
2707
2713
2714
2715
2716
2717
2719
2721
2722
2733
2739
2741
2743
2746
2748
2752
2754
2756
2757
2758
2764
2768
2770
2771
2772
2773
2775
2776
2778
2779
2780
2781
2788
2800
2804
2805
2807
2811
2812
2816
2817
2818
2825
2829
2831
2832
2834
2838
2842
2843
2844
2847
2849
2851
2852
2853
2854
2859
2867
2868
2870
2872
2875
2876
2887
2892
2893
2894
2895
2897
2899
2902
2905
2906
2909
2910
2920
2923
2927
2929
2930
2935
2936
2939
2941
2942
2943
2944
2945
2948
2949
2950
2966
2968
2969
2970
2972
2975
2976
2977
2982
2983
2984
2992
2994
2995
2996
2997
3001
3002
3003
3004
3008
3009
3012
3016
3025
3027
3028
3029
3032
3037
3040
3041
3052
3057
3060
3061
3062
3069
3074
3076
3079
3085
3087
3089
3091
3094
3096
3097
3098
3099
3100
3101
3103
3105
3110
3113
3120
3123
3124
3125
3131
3134
3136
3140
3141
3142
3144
3146
3150
3152
3153
3154
3156
3157
3158
3159
3161
3167
3171
3173
3189
3190
3196
3198
3202
3204
3211
3216
3221
3222
3223
3225
3230
3232
3236
3239
3241
3244
3246
3247
3252
3254
3255
3260
3263
3266
3267
3268
3269
3271
3275
3279
3282
3284
3293
3299
3300
3302
3308
3310
3311
3314
3321
3323
3329
3331
3333
3335
3336
3337
3339
3342
3345
3348
3350
3351
3354
3357
3362
3363
3364
3365
3366
3367
3368
3372
3386
3393
3394
3395
3397
3401
3402
3403
3405
3408
3409
3410
3411
3412
3413
3414
3419
3421
3427
3428
3430
3434
3436
3438
3443
3445
3446
3447
3448
3452
3456
3460
3461
3462
3463
3467
3470
3472
3476
3478
3482
3485
3488
3492
3493
3494
3497
3500
3501
3503
3504
3505
3507
3514
3529
3532
3533
3534
3540
3541
3544
3546
3550
3553
3554
3555
3559
3560
3565
3568
3571
3574
3575
3581
3587
3591
3594
3596
3599
3609
3612
3613
3616
3617
3621
3623
3625
3630
3632
3646
3651
3654
3658
3665
3667
3669
3679
3682
3684
3685
3687
3690
3696
3697
3699
3700
3702
3707
3710
3713
3714
3719
3723
3727
3732
3737
3738
3744
3745
3748
3751
3752
3756
3759
3760
3761
3762
3765
3766
3770
3773
3774
3780
3781
3785
3791
3794
3796
3801
3807
3811
3813
3817
3819
3826
3827
3829
3831
3838
3839
3840
3843
3845
3846
3848
3849
3854
3855
3858
3867
3868
3876
3877
3878
3882
3889
3890
3895
3897
3899
3901
3902
3910
3913
3920
3922
3925
3938
3939
3942
3944
3948
3949
3951
3952
3954
3956
3958
3959
3960
3965
3967
3971
3973
3975
3976
3977
3988
3996
3998
4002
4003
4004
4009
4012
4016
4024
4028
4031
4033
4034
4035
4036
4038
4040
4042
4046
4053
4059
4069
4078
4086
4088
4092
4097
4102
4105
4106
4108
4111
4120
4123
4124
4130
4135
4143
4149
4153
4157
4158
4159
4166
4168
4174
4182
4184
4193
4194
4195
4196
4200
4202
4203
4206
4207
4208
4216
4220
4222
4223
4228
4232
4237
4238
4240
4241
4245
4247
4248
4250
4252
4254
4256
4258
4265
4270
4272
4274
4276
4285
4288
4290
4293
4294
4295
4298
4299
4301
4303
4307
4309
4310
4312
4313
4316
4317
4319
4321
4323
4328
4329
4336
4339
4344
4348
4350
4356
4357
4358
4360
4365
4366
4367
4368
4375
4377
4382
4383
4385
4391
4392
4393
4394
4397
4398
4399
4400
4401
4402
4403
4408
4421
4425
4426
4427
4428
4437
4439
4444
4445
4448
4451
4453
4454
4455
4458
4459
4460
4461
4464
4465
4467
4471
4480
4482
4487
4491
4496
4498
4501
4507
4509
4512
4513
4515
4521
4523
4530
4534
4536
4537
4538
4542
4546
4550
4555
4557
4558
4569
4572
4573
4574
4576
4581
4584
4599
4606
4607
4611
4619
4621
4630
4634
4639
4646
4652
4653
4667
4672
4673
4676
4683
4690
4696
4699
4702
4710
4713
4714
4716
4719
4720
4729
4735
4736
4737
4741
4742
4743
4746
4748
4749
4758
4759
4760
4762
4764
4767
4769
4771
4773
4774
4775
4776
4779
4780
4781
4782
4788
4790
4791
4792
4794
4800
4815
4816
4819
4824
4825
4826
4827
4830
4834
4836
4837
4839
4841
4842
4844
4845
4846
4848
4850
4852
4853
4854
4857
4859
4860
4863
4865
4868
4871
4876
4877
4878
4886
4888
4893
4899
4901
4904
4907
4915
4917
4920
4921
4922
4923
4924
4925
4927
4935
4942
4945
4948
4949
4950
4955
4956
4963
4968
4970
4972
4981
4982
4986
4987
4992
4994
4999
5005
5007
5010
5012
5015
5018
5019
5023
5024
5025
5026
5027
5028
5029
5031
5034
5037
5038
5042
5043
5047
5048
5049
5050
5061
5063
5064
5066
5067
5071
5081
5093
5100
5108
5115
5118
5120
5121
5122
5123
5125
5126
5128
5130
5132
5134
5135
5138
5140
5146
5147
5150
5152
5154
5155
5156
5164
5165
5168
5171
5176
5178
5179
5180
5182
5183
5197
5198
5202
5203
5204
5205
5206
5207
5208
5213
5214
5224
5226
5229
5231
5232
5235
5236
5238
5245
5246
5248
5249
5250
5255
5259
5260
5264
5265
5267
5268
5272
5273
5274
5276
5278
5279
5281
5284
5288
5295
5300
5302
5310
5314
5319
5320
5321
5327
5330
5337
5339
5340
5345
5348
5349
5355
5356
5358
5363
5366
5367
5368
5370
5374
5380
5381
5382
5385
5389
5390
5392
5393
5401
5405
5411
5412
5415
5418
5422
5428
5430
5435
5437
5439
5442
5446
5449
5457
5462
5465
5466
5469
5470
5471
5472
5473
5474
5475
5481
5484
5486
5491
5492
5493
5495
5497
5498
5500
5502
5504
5506
5510
5513
5516
5518
5526
5530
5532
5534
5538
5540
5542
5549
5550
5555
5556
5557
5558
5560
5562
5564
5568
5571
5573
5575
5578
5580
5583
5584
5585
5593
5597
5599
5607
5612
5620
5622
5631
5635
5636
5640
5642
5643
5645
5646
5658
5659
5671
5675
5681
5686
5687
5689
5695
5699
5703
5715
5716
5719
5730
5733
5737
5740
5746
5750
5752
5754
5758
5760
5765
5770
5777
5781
5789
5801
5804
5805
5806
5808
5811
5814
5815
5822
5824
5826
5830
5832
5834
5840
5842
5843
5846
5851
5853
5854
5856
5859
5862
5865
5866
5870
5872
5873
5876
5877
5880
5881
5882
5884
5887
5889
5892
5896
5897
5900
5913
5914
5917
5923
5929
5933
5934
5935
5936
5949
5951
5952
5962
5965
5971
5973
5974
5977
5981
5983
5985
5990
5993
5994
5995
6001
6004
6012
6016
6017
6019
6022
6025
6030
6031
6033
6036
6037
6045
6048
6050
6058
6061
6063
6064
6070
6077
6081
6082
6084
6088
6092
6096
6097
6100
6101
6109
6113
6115
6120
6123
6132
6133
6134
6136
6139
6143
6144
6145
6149
6153
6155
6157
6158
6160
6168
6169
6170
6171
6172
6173
6178
6179
6182
6183
6187
6188
6189
6192
6194
6199
6202
6212
6213
6218
6221
6222
6223
6226
6229
6234
6239
6242
6243
6250
6256
6259
6260
6261
6263
6265
6282
6285
6287
6288
6290
6296
6298
6299
6300
6302
6304
6307
6309
6314
6315
6316
6317
6318
6320
6322
6328
6329
6336
6337
6338
6339
6341
6345
6346
6347
6348
6350
6353
6357
6358
6362
6365
6369
6370
6373
6374
6376
6383
6384
6385
6387
6389
6397
6398
6402
6403
6406
6407
6409
6413
6416
6418
6422
6423
6425
6430
6432
6433
6435
6440
6441
6443
6457
6458
6459
6467
6468
6471
6473
6474
6476
6477
6489
6491
6497
6503
6505
6506
6508
6511
6517
6518
6520
6521
6526
6528
6529
6539
6547
6548
6554
6557
6559
6562
6565
6571
6572
6579
6581
6585
6587
6588
6589
6596
6597
6603
6604
6608
6610
6614
6619
6620
6623
6624
6626
6631
6634
6635
6637
6639
6644
6646
6648
6649
6652
6653
6660
6663
6664
6666
6668
6670
6679
6685
6689
6693
6696
6697
6702
6703
6706
6707
6712
6714
6716
6717
6721
6722
6723
6726
6731
6732
6736
6738
6741
6744
6751
6755
6757
6758
6759
6763
6765
6769
6777
6778
6780
6785
6786
6789
6790
6791
6794
6796
6797
6799
6805
6806
6808
6812
6815
6816
6817
6818
6824
6828
6829
6830
6832
6836
6838
6841
6843
6845
6846
6849
6855
6857
6862
6867
6871
6878
6880
6883
6885
6894
6897
6900
6904
6909
6913
6919
6924
6926
6929
6931
6938
6945
6950
6951
6961
6967
6973
6979
6980
6981
6983
6984
6987
6991
6995
7001
7005
7006
7012
7014
7015
7016
7020
7021
7030
7033
7036
7037
7039
7041
7045
7046
7048
7049
7050
7051
7052
7055
7058
7059
7060
7062
7064
7065
7067
7071
7072
7075
7078
7080
7083
7084
7090
7091
7092
7097
7104
7112
7120
7122
7128
7129
7135
7136
7138
7141
7146
7147
7148
7149
7152
7154
7156
7161
7164
7167
7171
7177
7178
7179
7181
7183
7187
7189
7192
7193
7201
7207
7213
7216
7218
7223
7224
7228
7230
7231
7249
7251
7253
7261
7264
7266
7267
7268
7269
7273
7274
7275
7280
7282
7283
7285
7288
7291
7293
7295
7296
7297
7300
7306
7308
7312
7313
7314
7319
7322
7326
7331
7338
7340
7343
7352
7355
7356
7360
7366
7368
7369
7370
7371
7372
7377
7378
7379
7380
7381
7382
7386
7387
7388
7390
7392
7394
7396
7397
7407
7409
7410
7413
7418
7419
7422
7425
7430
7432
7433
7435
7443
7448
7456
7460
7463
7473
7479
7482
7492
7493
7494
7495
7497
7504
7505
7514
7516
7517
7520
7524
7525
7526
7529
7530
7531
7535
7536
7537
7538
7539
7541
7543
7544
7546
7547
7550
7551
7559
7563
7567
7571
7573
7576
7581
7583
7587
7595
7596
7599
7600
7606
7609
7611
7612
7615
7616
7617
7619
7628
7629
7630
7631
7632
7633
7634
7637
7641
7643
7646
7647
7652
7653
7655
7658
7660
7666
7670
7678
7684
7693
7699
7702
7703
7707
7712
7713
7720
7729
7733
7741
7744
7747
7750
7752
7753
7754
7755
7756
7757
7759
7763
7764
7767
7769
7770
7774
7775
7779
7784
7787
7789
7793
7794
7795
7797
7803
7811
7813
7816
7817
7824
7825
7830
7831
7832
7834
7835
7836
7840
7851
7852
7855
7860
7861
7866
7867
7869
7874
7878
7883
7884
7887
7891
7892
7898
7900
7904
7905
7910
